00000000000000000000000001001011
00000000000000000000000000000111
00000000000000000011110100101110
00000000000000000000000010111011
00000000000000000000000000000111
00000000000000000011110011111111
00000000000000000000000000000000
00000000000000000001110111101110
11111111111111111111110111101110
00000000000000000000011000000000
00000000000000000000000000000000
00000000000000000000000000000000
00000000000000000000000000000000
00000000000000000000000000000000
00000000000000000000000000000000
00000000000000000000000000000000
00000000000000000000000000000000
00000000000000000000000000000000
00000000000000000000000000000000
00000000000000000000000000000000