00000000000000000010000010000011
00000000000100000010000100000011
00000000001000000010000110000011
00000000001100000010001000000011
00000000010000000010001010000011
00000000010100000010001100000011
00000000011000000010001110000011
00000000011100000010010000000011
00000000100000000010010010000011
00000000100100000010010100000011
00000000001000001100010001100011
00000000000000001000010110110011
00000000000100010100010001100011
00000000000000010000010110110011
00000000101100011100010001100011
00000000000000011000010110110011
00000000101100100100010001100011
00000000000000100000010110110011
00000000101100101100010001100011
00000000000000101000010110110011
00000000101100110100010001100011
00000000000000110000010110110011
00000000101100111100010001100011
00000000000000111000010110110011
00000000101101000100010001100011
00000000000001000000010110110011
00000000101101001100010001100011
00000000000001001000010110110011
00000000101101010100010001100011
00000000000001010000010110110011
00000000101100000010010100100011